yellow: 2778.345257
magenta: 408.259879
cyan: 519.877839
black: 2.462606
white: 406.664162
blue: 159.404064
green: 537.127505
